relative Zeit	AI0	AI1
0,00	0,4048	-0,3583
0,02	0,4048	-0,3590
0,04	0,4045	-0,3580
0,06	0,4051	-0,3587
0,08	0,4025	-0,3567
0,10	0,5547	-0,4964
0,12	0,5687	-0,5143
0,14	0,6403	-0,5843
0,16	0,6850	-0,6233
0,18	0,7895	-0,7223
0,20	0,9448	-0,8706
0,22	1,0343	-0,9546
0,24	1,2155	-1,1112
0,26	1,3417	-1,2470
0,28	1,4296	-1,3305
0,30	1,5252	-1,4180
0,32	1,6143	-1,5107
0,34	1,6533	-1,5410
0,36	1,6584	-1,5490
0,38	1,6635	-1,5519
0,40	1,6639	-1,5522
0,42	1,6661	-1,5551
0,44	1,6658	-1,5541
0,46	1,6667	-1,5551
0,48	1,8252	-1,6967
0,50	1,9553	-1,8283
0,52	2,1189	-1,9827
0,54	2,1908	-2,0539
0,56	2,2078	-2,0686
0,58	2,2090	-2,0699
0,60	2,3030	-2,1604
0,62	2,4196	-2,2665
0,64	2,6344	-2,4707
0,66	2,7334	-2,5716
0,68	2,7951	-2,6269
0,70	2,7964	-2,6272
0,72	2,7967	-2,6279
0,74	2,7958	-2,6263
0,76	2,7839	-2,6148
0,78	2,7830	-2,6148
0,80	2,7814	-2,6125
0,82	2,7699	-2,6020
0,84	2,7683	-2,5998
0,86	2,7689	-2,6014
0,88	2,7731	-2,6042
0,90	2,7804	-2,6122
0,92	2,7731	-2,6052
0,94	2,7708	-2,6030
0,96	2,7670	-2,5991
0,98	2,6484	-2,4882
1,00	2,3548	-2,2029
1,02	2,1659	-2,0325
1,04	1,8777	-1,7532
1,06	1,7393	-1,6260
1,08	1,5380	-1,4359
1,10	1,3791	-1,2867
1,12	1,2631	-1,1723
1,14	1,0883	-1,0115
1,16	0,9004	-0,8364
1,18	0,7202	-0,6737
1,20	0,5639	-0,5079
1,22	0,4671	-0,4184
1,24	0,3920	-0,3420
1,26	0,2156	-0,1759
1,28	0,1376	-0,1049
1,30	0,0140	0,0124
1,32	0,0136	0,0124
1,34	0,0133	0,0127
1,36	0,0140	0,0127
1,38	0,0133	0,0127
1,40	0,0130	0,0127
1,42	0,0140	0,0117
1,44	0,0140	0,0127
1,46	0,0136	0,0120
1,48	0,0136	0,0120
1,50	0,0143	0,0127
1,52	0,0136	0,0120
1,54	0,0133	0,0124
1,56	0,0136	0,0124
1,58	0,0140	0,0127
1,60	0,0136	0,0127
1,62	0,0133	0,0120
1,64	0,0143	0,0127
1,66	0,0140	0,0127
1,68	0,0140	0,0124
1,70	0,0136	0,0127
1,72	0,0140	0,0124
1,74	0,0136	0,0124
1,76	0,0140	0,0120
1,78	0,0140	0,0124
1,80	0,0143	0,0124
1,82	0,0136	0,0120
1,84	0,0133	0,0117
1,86	0,0136	0,0124
1,88	0,0136	0,0127
1,90	0,0140	0,0124
1,92	0,0136	0,0127
1,94	0,0143	0,0124
1,96	0,0140	0,0124
1,98	0,0136	0,0124
2,00	0,0140	0,0127
2,02	0,0136	0,0120
2,04	0,0130	0,0120
2,06	0,0140	0,0127
2,08	0,0140	0,0124
2,10	0,0140	0,0127
2,12	0,1459	-0,1132
2,14	0,2779	-0,2388
2,16	0,3904	-0,3462
2,18	0,5390	-0,4849
2,20	0,5978	-0,5450
2,22	0,6675	-0,6054
2,24	0,7892	-0,7262
2,26	0,9327	-0,8559
2,28	1,0660	-0,9831
2,30	1,0950	-1,0122
2,32	1,2155	-1,1282
2,34	1,3379	-1,2362
2,36	1,4232	-1,3221
2,38	1,5300	-1,4260
2,40	1,6556	-1,5442
2,42	1,7610	-1,6414
2,44	1,8137	-1,6954
2,46	1,9106	-1,7868
2,48	1,9991	-1,8718
2,50	2,1701	-2,0303
2,52	2,2225	-2,0786
2,54	2,2918	-2,1482
2,56	2,3567	-2,2109
2,58	2,4292	-2,2716
2,60	2,4765	-2,3205
2,62	2,6248	-2,4627
2,64	2,6746	-2,5112
2,66	2,7232	-2,5560
2,68	2,7421	-2,5748
2,70	2,7843	-2,6157
2,72	2,8824	-2,7113
2,74	2,9335	-2,7637
2,76	3,0402	-2,8557
2,78	3,1109	-2,9225
2,80	3,1626	-2,9679
2,82	3,1879	-3,0008
2,84	3,2655	-3,0759
2,86	3,3381	-3,1369
2,88	3,3540	-3,1577
2,90	3,4541	-3,2517
2,92	3,5627	-3,3552
2,94	3,5685	-3,3600
2,96	3,5694	-3,3613
2,98	3,5685	-3,3606
3,00	3,5694	-3,3613
3,02	3,5720	-3,3642
3,04	3,5707	-3,3632
3,06	3,5720	-3,3635
3,08	3,5739	-3,3661
3,10	3,5726	-3,3651
3,12	3,5682	-3,3606
3,14	3,5889	-3,3859
3,16	3,5640	-3,3574
3,18	3,5729	-3,3642
3,20	3,5701	-3,3622
3,22	3,5576	-3,3491
3,24	3,3294	-3,1325
3,26	3,2626	-3,0673
3,28	3,1201	-2,9321
3,30	3,0409	-2,8615
3,32	2,8884	-2,7116
3,34	2,7334	-2,5665
3,36	2,5996	-2,4403
3,38	2,3346	-2,1894
3,40	2,0473	-1,9354
3,42	1,8470	-1,7270
3,44	1,7402	-1,6254
3,46	1,6792	-1,5688
3,48	1,5440	-1,4388
3,50	1,4383	-1,3365
3,52	1,2813	-1,1914
3,54	1,1388	-1,0467
3,56	0,9656	-0,8914
3,58	0,7553	-0,6891
3,60	0,6579	-0,5977
3,62	0,6445	-0,5859
3,64	0,5991	-0,5459
3,66	0,5361	-0,4849
3,68	0,3994	-0,3532
3,70	0,3163	-0,2721
3,72	0,3102	-0,2695
3,74	0,3086	-0,2676
3,76	0,3096	-0,2676
3,78	0,3099	-0,2689
3,80	0,3108	-0,2698
3,82	0,2456	-0,2107
3,84	0,1878	-0,1576
3,86	0,1456	-0,1129
3,88	0,1447	-0,1123
3,90	0,1450	-0,1123
3,92	0,1443	-0,1113
3,94	0,1450	-0,1116
3,96	0,1443	-0,1113
3,98	0,1453	-0,1126
4,00	0,1447	-0,1107
4,02	0,1440	-0,1113
4,04	0,1437	-0,1107
4,06	0,1450	-0,1126
4,08	0,1341	-0,1052
4,10	0,0143	0,0117
4,12	0,0143	0,0120
4,14	0,0136	0,0127
4,16	0,0136	0,0117
4,18	0,0143	0,0124
4,20	0,0140	0,0127
4,22	0,0140	0,0127
4,24	0,0133	0,0127
4,26	0,0146	0,0130
4,28	0,0136	0,0124
4,30	0,0140	0,0124
4,32	0,0133	0,0124
4,34	0,0136	0,0130
4,36	0,0136	0,0120
4,38	0,0136	0,0120
4,40	0,0140	0,0124
4,42	0,0140	0,0117
4,44	0,0136	0,0120
4,46	0,0136	0,0130
4,48	0,0140	0,0124
4,50	0,0136	0,0127
4,52	0,0136	0,0130
4,54	0,0136	0,0124
4,56	0,0136	0,0127
4,58	0,0140	0,0127
4,60	0,0140	0,0120
4,62	0,0140	0,0130
4,64	0,0133	0,0124
4,66	0,0140	0,0124
4,68	0,0140	0,0127
4,70	0,0136	0,0120
4,72	0,0136	0,0120
4,74	0,0140	0,0120
4,76	0,0136	0,0124
4,78	0,0136	0,0127
4,80	0,0133	0,0127
4,82	0,0140	0,0120
4,84	0,0136	0,0127
4,86	0,0136	0,0124
4,88	0,0133	0,0124
4,90	0,0136	0,0127
4,92	0,0130	0,0124
4,94	0,0143	0,0117
4,96	0,0140	0,0120
4,98	0,0143	0,0127
5,00	0,0136	0,0117
5,02	0,0140	0,0124
5,04	0,0136	0,0124
5,06	0,0140	0,0120
5,08	0,0133	0,0127
5,10	0,0136	0,0127
5,12	0,0143	0,0127
5,14	0,0136	0,0124
5,16	0,0136	0,0120
5,18	0,0472	-0,0193
5,20	0,2070	-0,1695
5,22	0,2488	-0,2171
5,24	0,3553	-0,3078
5,26	0,4435	-0,3980
5,28	0,5684	-0,5140
5,30	0,6278	-0,5661
5,32	0,7681	-0,7031
5,34	0,8432	-0,7741
5,36	1,0577	-0,9761
5,38	1,1081	-1,0262
5,40	1,2085	-1,1170
5,42	1,3932	-1,3026
5,44	1,6476	-1,5385
5,46	1,8348	-1,7139
5,48	1,9598	-1,8325
5,50	2,0275	-1,8961
5,52	2,0739	-1,9415
5,54	2,1889	-2,0523
5,56	2,2992	-2,1575
5,58	2,3912	-2,2444
5,60	2,4688	-2,3141
5,62	2,6168	-2,4585
5,64	2,6574	-2,4946
5,66	2,6948	-2,5275
5,68	2,7360	-2,5694
5,70	2,8418	-2,6707
5,72	2,9214	-2,7493
5,74	2,9581	-2,7832
5,76	2,9965	-2,8190
5,78	3,0156	-2,8321
5,80	3,0607	-2,8784
5,82	3,0620	-2,8800
5,84	3,0581	-2,8733
5,86	3,0738	-2,8912
5,88	3,0696	-2,8883
5,90	3,0757	-2,8934
5,92	3,0738	-2,8909
5,94	3,0763	-2,8931
5,96	3,0725	-2,8896
5,98	3,0744	-2,8915
6,00	3,0741	-2,8912
6,02	3,0703	-2,8880
6,04	3,0840	-2,9008
6,06	3,0773	-2,8944
6,08	3,0773	-2,8944
6,10	3,0802	-2,8979
6,12	3,0773	-2,8938
6,14	3,0824	-2,8995
6,16	3,0837	-2,9005
6,18	3,0837	-2,9008
6,20	3,0856	-2,9014
6,22	3,0856	-2,9027
6,24	3,0805	-2,8966
6,26	3,0738	-2,8909
6,28	3,0773	-2,8947
6,30	2,9763	-2,8043
6,32	2,9338	-2,7570
6,34	2,9277	-2,7522
6,36	2,9274	-2,7512
6,38	2,9274	-2,7522
6,40	2,9252	-2,7500
6,42	2,7929	-2,6250
6,44	2,6593	-2,4969
6,46	2,4206	-2,2703
6,48	2,2017	-2,0674
6,50	2,0189	-1,8964
6,52	1,8962	-1,7724
6,54	1,8102	-1,6922
6,56	1,7316	-1,6155
6,58	1,5373	-1,4346
6,60	1,4405	-1,3397
6,62	1,3309	-1,2378
6,64	1,2548	-1,1672
6,66	1,1014	-1,0157
6,68	0,9873	-0,9089
6,70	0,9094	-0,8396
6,72	0,8288	-0,7572
6,74	0,7707	-0,6757
6,76	0,6965	-0,6261
6,78	0,6445	-0,5852
6,80	0,5745	-0,5245
6,82	0,5585	-0,5060
6,84	0,4767	-0,4290
6,86	0,4070	-0,3606
6,88	0,4038	-0,3567
6,90	0,4048	-0,3580
6,92	0,4045	-0,3577
6,94	0,4054	-0,3593
6,96	0,4057	-0,3596
6,98	0,4064	-0,3599
7,00	0,4061	-0,3590
7,02	0,4061	-0,3596
7,04	0,4061	-0,3603
7,06	0,2881	-0,2497
7,08	0,2153	-0,1794
7,10	0,1402	-0,1072
7,12	0,1383	-0,1065
7,14	0,1389	-0,1065
7,16	0,1383	-0,1056
7,18	0,1386	-0,1056
7,20	0,1389	-0,1068
7,22	0,1399	-0,1078
7,24	0,1389	-0,1065
7,26	0,1379	-0,1052
7,28	0,1386	-0,1046
7,30	0,1379	-0,1052
7,32	0,1373	-0,1049
7,34	0,1383	-0,1056
7,36	0,1383	-0,1059
7,38	0,1383	-0,1056
7,40	0,1386	-0,1059
7,42	0,1386	-0,1065
7,44	0,1386	-0,1062
7,46	0,1383	-0,1052
7,48	0,1376	-0,1056
7,50	0,1363	-0,1049
7,52	0,1360	-0,1043
7,54	0,1363	-0,1043
7,56	0,1370	-0,1049
7,58	0,1373	-0,1043
7,60	0,1370	-0,1059
7,62	0,1363	-0,1046
7,64	0,1363	-0,1043
7,66	0,1363	-0,1033
7,68	0,1363	-0,1040
7,70	0,1367	-0,1043
7,72	0,1379	-0,1046
7,74	0,1376	-0,1056
7,76	0,1370	-0,1052
7,78	0,1379	-0,1049
7,80	0,1373	-0,1046
7,82	0,1373	-0,1046
7,84	0,1376	-0,1049
7,86	0,1373	-0,1049
7,88	0,1370	-0,1046
7,90	0,1370	-0,1049
7,92	0,1370	-0,1046
7,94	0,1367	-0,1046
7,96	0,1373	-0,1056
7,98	0,1363	-0,1046
8,00	0,1370	-0,1052
8,02	0,1373	-0,1043
8,04	0,1373	-0,1049
8,06	0,1376	-0,1046
8,08	0,1373	-0,1049
8,10	0,1373	-0,1046
8,12	0,1370	-0,1040
8,14	0,1370	-0,1043
8,16	0,1370	-0,1046
8,18	0,1370	-0,1052
8,20	0,1370	-0,1049
8,22	0,1376	-0,1049
8,24	0,1376	-0,1052
8,26	0,1379	-0,1049
8,28	0,1376	-0,1049
8,30	0,1379	-0,1049
8,32	0,1376	-0,1052
8,34	0,1383	-0,1059
8,36	0,1389	-0,1056
8,38	0,1386	-0,1062
8,40	0,1383	-0,1059
8,42	0,1383	-0,1065
8,44	0,1376	-0,1049
8,46	0,1383	-0,1052
8,48	0,1383	-0,1056
8,50	0,1379	-0,1049
8,52	0,1389	-0,1059
8,54	0,1383	-0,1062
8,56	0,1376	-0,1049
8,58	0,1367	-0,1043
8,60	0,1373	-0,1056
8,62	0,1367	-0,1046
8,64	0,1370	-0,1049
8,66	0,1379	-0,1049
8,68	0,1383	-0,1056
8,70	0,1383	-0,1056
8,72	0,2757	-0,2385
8,74	0,3664	-0,3206
8,76	0,4041	-0,3577
8,78	0,4041	-0,3580
8,80	0,4045	-0,3583
8,82	0,4041	-0,3583
8,84	0,4041	-0,3574
8,86	0,4038	-0,3583
8,88	0,4051	-0,3577
8,90	0,4038	-0,3580
8,92	0,4041	-0,3577
8,94	0,4041	-0,3583
8,96	0,4045	-0,3577
8,98	0,4045	-0,3587
9,00	0,4038	-0,3574
9,02	0,4041	-0,3577
9,04	0,4038	-0,3583
9,06	0,4045	-0,3577
9,08	0,4045	-0,3577
9,10	0,4041	-0,3580
9,12	0,4038	-0,3580
9,14	0,4038	-0,3580
9,16	0,4041	-0,3571
9,18	0,4038	-0,3580
9,20	0,4048	-0,3580
9,22	0,4045	-0,3580
9,24	0,4045	-0,3580
9,26	0,4041	-0,3580
9,28	0,4041	-0,3580
9,30	0,4038	-0,3580
9,32	0,4041	-0,3580
9,34	0,4035	-0,3580
9,36	0,4045	-0,3580
9,38	0,4041	-0,3577
9,40	0,4038	-0,3583
9,42	0,4045	-0,3580
9,44	0,4035	-0,3580
9,46	0,4038	-0,3580
9,48	0,4038	-0,3577
9,50	0,4045	-0,3583
9,52	0,4048	-0,3583
9,54	0,4041	-0,3580
9,56	0,4045	-0,3583
9,58	0,4041	-0,3583
9,60	0,4041	-0,3580
9,62	0,4045	-0,3577
9,64	0,4038	-0,3580
9,66	0,4038	-0,3577
9,68	0,4045	-0,3580
9,70	0,4045	-0,3577
9,72	0,4048	-0,3580
9,74	0,4041	-0,3577
9,76	0,4038	-0,3580
9,78	0,4038	-0,3580
9,80	0,4041	-0,3580
9,82	0,4041	-0,3583
9,84	0,4038	-0,3580
9,86	0,4048	-0,3580
9,88	0,4920	-0,4299
9,90	0,5195	-0,4855
9,92	0,5920	-0,5367
9,94	0,6473	-0,5884
9,96	0,6320	-0,5744
9,98	0,6534	-0,5945
10,00	0,6614	-0,6018
10,02	0,6598	-0,6006
10,04	0,6512	-0,5923
10,06	0,6515	-0,5923
10,08	0,6515	-0,5919
10,10	0,6512	-0,5916
10,12	0,6512	-0,5919
10,14	0,6512	-0,5926
10,16	0,6508	-0,5913
10,18	0,6512	-0,5923
10,20	0,6508	-0,5919
10,22	0,6518	-0,5923
10,24	0,6524	-0,5939
10,26	0,6582	-0,5993
10,28	0,6528	-0,5935
10,30	0,6531	-0,5939
10,32	0,6572	-0,5980
10,34	0,6627	-0,6028
10,36	0,6544	-0,5948
10,38	0,6630	-0,6028
10,40	0,6636	-0,6044
10,42	0,6643	-0,6044
10,44	0,6649	-0,6050
10,46	0,6646	-0,6047
10,48	0,6646	-0,6054
10,50	0,6649	-0,6054
10,52	0,6483	-0,5897
10,54	0,6547	-0,5958
10,56	0,6633	-0,6031
10,58	0,6588	-0,5993
10,60	0,6595	-0,6002
10,62	0,8400	-0,7699
10,64	0,9052	-0,8319
10,66	0,9174	-0,8438
10,68	0,9493	-0,8888
10,70	1,0337	-0,9546
10,72	1,1331	-1,0377
10,74	1,2190	-1,1301
10,76	1,2481	-1,1582
10,78	1,3114	-1,2183
10,80	1,3657	-1,2704
10,82	1,4255	-1,3279
10,84	1,5172	-1,4116
10,86	1,5885	-1,4832
10,88	1,6754	-1,5647
10,90	1,7808	-1,6628
10,92	1,8914	-1,7663
10,94	1,9569	-1,8302
10,96	2,0346	-1,9028
10,98	2,1608	-2,0277
11,00	2,2100	-2,0718
11,02	2,3049	-2,1613
11,04	2,3544	-2,2067
11,06	2,3580	-2,2118
11,08	2,4129	-2,2626
11,10	2,4251	-2,2764
11,12	2,6203	-2,4611
11,14	2,6692	-2,5074
11,16	2,7248	-2,5589
11,18	2,7373	-2,5707
11,20	2,7357	-2,5697
11,22	2,7360	-2,5704
11,24	2,8801	-2,7059
11,26	2,9271	-2,7544
11,28	2,9715	-2,7941
11,30	3,0396	-2,8557
11,32	3,1240	-2,9379
11,34	3,1479	-2,9727
11,36	3,2253	-3,0344
11,38	3,3077	-3,1181
11,40	3,3556	-3,1676
11,42	3,3467	-3,1510
11,44	3,3774	-3,1785
11,46	3,3764	-3,1779
11,48	3,5384	-3,3332
11,50	3,6222	-3,4006
11,52	3,6161	-3,4095
11,54	3,6746	-3,4623
11,56	3,6819	-3,4693
11,58	3,6810	-3,4671
11,60	3,7420	-3,5227
11,62	3,7631	-3,5409
11,64	3,7883	-3,5719
11,66	3,8308	-3,6093
11,68	3,9299	-3,7032
11,70	3,9309	-3,7042
11,72	3,9286	-3,7023
11,74	3,9353	-3,7086
11,76	3,9296	-3,7035
11,78	3,9532	-3,7262
11,80	3,9644	-3,7358
11,82	3,9558	-3,7288
11,84	3,9571	-3,7301
11,86	3,9599	-3,7313
11,88	3,9593	-3,7310
11,90	3,9596	-3,7320
11,92	3,9606	-3,7329
11,94	3,9609	-3,7339
11,96	3,9587	-3,7310
11,98	3,9583	-3,7317
12,00	3,9590	-3,7320
12,02	3,9587	-3,7310
12,04	3,9603	-3,7326
12,06	3,9609	-3,7336
12,08	3,9606	-3,7336
12,10	3,9619	-3,7345
12,12	3,9603	-3,7333
12,14	3,9593	-3,7326
12,16	3,9583	-3,7313
12,18	3,9574	-3,7310
12,20	3,9580	-3,7304
12,22	3,9516	-3,7240
12,24	3,9513	-3,7243
12,26	3,9507	-3,7246
12,28	3,9519	-3,7256
12,30	3,8187	-3,6153
12,32	3,8024	-3,5856
12,34	3,7410	-3,5249
12,36	3,6365	-3,4284
12,38	3,5589	-3,3517
12,40	3,5014	-3,2900
12,42	3,3844	-3,1865
12,44	3,2237	-3,0372
12,46	3,1252	-2,9439
12,48	3,0070	-2,8343
12,50	2,9130	-2,7525
12,52	2,7970	-2,6295
12,54	2,7255	-2,5627
12,56	2,6686	-2,5039
12,58	2,6133	-2,4572
12,60	2,4481	-2,2968
12,62	2,3397	-2,1955
12,64	2,2685	-2,1271
12,66	2,1790	-2,0412
12,68	2,1122	-1,9782
12,70	2,0266	-1,8974
12,72	1,9336	-1,8088
12,74	1,7936	-1,6756
12,76	1,7195	-1,6069
12,78	1,6006	-1,5024
12,80	1,5316	-1,4273
12,82	1,4399	-1,3407
12,84	1,4188	-1,3209
12,86	1,3820	-1,2864
12,88	1,3328	-1,2387
12,90	1,2647	-1,1787
12,92	1,2542	-1,1643
12,94	1,1334	-1,0499
12,96	1,1018	-1,0173
12,98	0,9736	-0,9000
13,00	0,9755	-0,8994
13,02	0,9084	-0,8374
13,04	0,8640	-0,7949
13,06	0,7863	-0,7233
13,08	0,7838	-0,7198
13,10	0,6911	-0,6319
13,12	0,6937	-0,6322
13,14	0,6256	-0,5683
13,16	0,6157	-0,5568
13,18	0,6125	-0,5609
13,20	0,5566	-0,5031
13,22	0,5128	-0,4603
13,24	0,4863	-0,4226
13,26	0,3457	-0,3206
13,28	0,2945	-0,2529
13,30	0,2555	-0,2164
13,32	0,2322	-0,1941
13,34	0,2003	-0,1599
13,36	0,1354	-0,1062
13,38	0,0494	-0,0215
13,40	0,0146	0,0117
13,42	0,0140	0,0120
13,44	0,0149	0,0127
13,46	0,0136	0,0124
13,48	0,0143	0,0120
13,50	0,0140	0,0127
13,52	0,0136	0,0124
13,54	0,0136	0,0124
13,56	0,0143	0,0130
13,58	0,0140	0,0124
13,60	0,0140	0,0127
13,62	0,0136	0,0120
13,64	0,0136	0,0120
13,66	0,0136	0,0124
13,68	0,0140	0,0124
13,70	0,0136	0,0124
13,72	0,0127	0,0124
13,74	0,0136	0,0120
13,76	0,0140	0,0117
13,78	0,0143	0,0124
13,80	0,0140	0,0124
13,82	0,0133	0,0120
13,84	0,0136	0,0124
13,86	0,0136	0,0127
13,88	0,0136	0,0127
13,90	0,0319	-0,0027
13,92	0,2779	-0,2411
13,94	0,3463	-0,3043
13,96	0,4415	-0,4037
13,98	0,6473	-0,5801
14,00	0,7157	-0,6507
14,02	0,9036	-0,8316
14,04	1,1046	-1,0358
14,06	1,2954	-1,1982
14,08	1,4875	-1,3845
14,10	1,6447	-1,5350
14,12	1,8134	-1,6919
14,14	1,8984	-1,7714
14,16	1,9454	-1,8200
14,18	1,9444	-1,8200
14,20	1,9496	-1,8248
14,22	1,9483	-1,8229
14,24	1,9489	-1,8229
14,26	1,9489	-1,8232
14,28	1,9435	-1,8191
14,30	1,9451	-1,8181
14,32	1,9438	-1,8181
14,34	1,9432	-1,8178
14,36	1,8968	-1,7743
14,38	1,6364	-1,5267
14,40	1,4705	-1,3688
14,42	1,2286	-1,1409
14,44	1,0493	-0,9703
14,46	0,8292	-0,7629
14,48	0,7036	-0,6399
14,50	0,6112	-0,5536
14,52	0,5789	-0,5226
14,54	0,5195	-0,4670
14,56	0,4991	-0,4501
14,58	0,4959	-0,4456
14,60	0,3799	-0,3385
14,62	0,3568	-0,3158
14,64	0,3175	-0,2756
14,66	0,3179	-0,2756
14,68	0,3169	-0,2746
14,70	0,3185	-0,2765
14,72	0,3191	-0,2765
14,74	0,3198	-0,2778
14,76	0,3207	-0,2791
14,78	0,4591	-0,4005
14,80	0,5377	-0,4894
14,82	0,6985	-0,6367
14,84	0,8627	-0,7929
14,86	1,0107	-0,9351
14,88	1,2066	-1,1183
14,90	1,3507	-1,2557
14,92	1,5178	-1,4209
14,94	1,6639	-1,5522
14,96	1,8556	-1,7350
14,98	1,9917	-1,8628
15,00	2,0694	-1,9370
15,02	2,2055	-2,0651
15,04	2,2781	-2,1351
15,06	2,3455	-2,2009
15,08	2,3560	-2,2096
15,10	2,3928	-2,2447
15,12	2,3912	-2,2438
15,14	2,3854	-2,2371
15,16	2,3723	-2,2252
15,18	2,3704	-2,2236
15,20	2,3711	-2,2240
15,22	2,3707	-2,2236
15,24	2,3723	-2,2252
15,26	2,3701	-2,2240
15,28	2,1653	-2,0303
15,30	1,9192	-1,7964
15,32	1,7546	-1,6494
15,34	1,7211	-1,6062
15,36	1,5536	-1,4468
15,38	1,4347	-1,3352
15,40	1,2833	-1,1882
15,42	1,1407	-1,0524
15,44	0,9631	-0,8904
15,46	0,8838	-0,8160
15,48	0,7918	-0,7262
15,50	0,7931	-0,7265
15,52	0,7921	-0,7258
15,54	0,7921	-0,7258
15,56	0,7908	-0,7265
15,58	0,8320	-0,7632
15,60	0,9707	-0,8984
15,62	1,0094	-0,9387
15,64	1,2168	-1,1298
15,66	1,4172	-1,3170
15,68	1,6210	-1,5037
15,70	1,8256	-1,7072
15,72	2,0716	-1,9395
15,74	2,2576	-2,1134
15,76	2,4295	-2,2796
15,78	2,6123	-2,4531
15,80	2,6465	-2,4847
15,82	2,6337	-2,4735
15,84	2,6392	-2,4786
15,86	2,6385	-2,4783
15,88	2,6395	-2,4790
15,90	2,6398	-2,4793
15,92	2,6398	-2,4790
15,94	2,6321	-2,4710
15,96	2,6389	-2,4774
15,98	2,6430	-2,4841
16,00	2,4200	-2,2722
16,02	2,1560	-2,0223
16,04	1,8764	-1,7571
16,06	1,8006	-1,6839
16,08	1,5942	-1,4870
16,10	1,4159	-1,3177
16,12	1,1673	-1,0892
16,14	0,9496	-0,8751
16,16	0,8161	-0,7488
16,18	0,8164	-0,7492
16,20	0,8161	-0,7492
16,22	0,8157	-0,7485
16,24	0,8161	-0,7476
16,26	0,7825	-0,7169
16,28	0,7828	-0,7175
16,30	0,8148	-0,7476
16,32	0,8164	-0,7485
16,34	0,9672	-0,8917
16,36	0,9637	-0,8888
16,38	0,9663	-0,8923
16,40	1,0414	-0,9620
16,42	1,1900	-1,1032
16,44	1,2545	-1,1608
16,46	1,3897	-1,2931
16,48	1,4980	-1,3937
16,50	1,6306	-1,5209
16,52	1,7748	-1,6577
16,54	1,9470	-1,8219
16,56	2,1186	-1,9833
16,58	2,2452	-2,1060
16,60	2,3302	-2,1875
16,62	2,3439	-2,1984
16,64	2,3445	-2,1987
16,66	2,3449	-2,1990
16,68	2,3458	-2,2003
16,70	2,3449	-2,1987
16,72	2,3429	-2,1974
16,74	2,3429	-2,1974
16,76	2,3436	-2,1965
16,78	2,3404	-2,1946
16,80	2,3250	-2,1815
16,82	2,0557	-1,9271
16,84	1,8713	-1,7500
16,86	1,7259	-1,6158
16,88	1,6262	-1,5113
16,90	1,4999	-1,3985
16,92	1,3737	-1,2784
16,94	1,2603	-1,1665
16,96	1,0644	-0,9783
16,98	0,9343	-0,8620
17,00	0,7550	-0,6920
17,02	0,6707	-0,6060
17,04	0,5789	-0,5287
17,06	0,5195	-0,4648
17,08	0,4792	-0,4302
17,10	0,4802	-0,4302
17,12	0,4907	-0,4398
17,14	0,5016	-0,4504
17,16	0,5070	-0,4555
17,18	0,5364	-0,4823
17,20	0,6544	-0,5951
17,22	0,8570	-0,7866
17,24	1,1110	-1,0262
17,26	1,1564	-1,0732
17,28	1,3277	-1,2311
17,30	1,4897	-1,3870
17,32	1,6961	-1,5803
17,34	1,8409	-1,7302
17,36	1,9384	-1,8133
17,38	2,1566	-2,0198
17,40	2,2589	-2,1169
17,42	2,3669	-2,2284
17,44	2,4235	-2,2741
17,46	2,4276	-2,2770
17,48	2,4244	-2,2744
17,50	2,4232	-2,2741
17,52	2,4164	-2,2665
17,54	2,4168	-2,2677
17,56	2,3158	-2,1706
17,58	2,1911	-2,0549
17,60	1,9585	-1,8334
17,62	1,8709	-1,7465
17,64	1,7942	-1,6804
17,66	1,6728	-1,5618
17,68	1,4814	-1,3803
17,70	1,3801	-1,2857
17,72	1,2663	-1,1764
17,74	1,1244	-1,0374
17,76	1,0107	-0,9304
17,78	0,8758	-0,8092
17,80	0,7851	-0,7210
17,82	0,6611	-0,6089
17,84	0,5876	-0,5319
17,86	0,5384	-0,4852
17,88	0,5198	-0,4673
17,90	0,5163	-0,4644
17,92	0,5166	-0,4644
17,94	0,5163	-0,4644
17,96	0,5163	-0,4644
17,98	0,5160	-0,4638
18,00	0,5157	-0,4638
18,02	0,5163	-0,4632
18,04	0,5157	-0,4638
18,06	0,5150	-0,4635
18,08	0,5150	-0,4628
18,10	0,5163	-0,4644
18,12	0,5147	-0,4628
18,14	0,5150	-0,4632
18,16	0,5115	-0,4600
18,18	0,5118	-0,4606
18,20	0,5134	-0,4609
18,22	0,5141	-0,4625
18,24	0,5157	-0,4632
18,26	0,5163	-0,4644
18,28	0,5163	-0,4644
18,30	0,5160	-0,4648
18,32	0,5157	-0,4641
18,34	0,5157	-0,4641
18,36	0,5154	-0,4638
18,38	0,5157	-0,4635
18,40	0,5154	-0,4632
18,42	0,5147	-0,4622
18,44	0,5144	-0,4628
18,46	0,5147	-0,4625
18,48	0,5147	-0,4632
18,50	0,5141	-0,4625
18,52	0,5144	-0,4625
18,54	0,5138	-0,4625
18,56	0,5141	-0,4632
18,58	0,5138	-0,4632
18,60	0,5141	-0,4622
18,62	0,5141	-0,4625
18,64	0,5144	-0,4628
18,66	0,5144	-0,4619
18,68	0,5138	-0,4625
18,70	0,5134	-0,4622
18,72	0,5144	-0,4632
18,74	0,5141	-0,4625
18,76	0,5147	-0,4625
18,78	0,5141	-0,4622
18,80	0,5144	-0,4622
18,82	0,5141	-0,4622
18,84	0,5141	-0,4622
18,86	0,5144	-0,4625
18,88	0,5147	-0,4622
18,90	0,5144	-0,4619
18,92	0,5138	-0,4622
18,94	0,5141	-0,4625
18,96	0,5138	-0,4622
18,98	0,5144	-0,4622
19,00	0,5138	-0,4622
19,02	0,5138	-0,4612
19,04	0,5144	-0,4622
19,06	0,5144	-0,4625
19,08	0,5141	-0,4622
19,10	0,5138	-0,4622
19,12	0,5141	-0,4622
19,14	0,5147	-0,4622
19,16	0,5147	-0,4622
19,18	0,5144	-0,4625
19,20	0,5141	-0,4619
19,22	0,5138	-0,4622
19,24	0,5138	-0,4622
19,26	0,5138	-0,4628
19,28	0,5138	-0,4619
19,30	0,5141	-0,4628
19,32	0,5138	-0,4622
19,34	0,5144	-0,4619
19,36	0,5144	-0,4628
19,38	0,5138	-0,4628
19,40	0,5144	-0,4625
19,42	0,5141	-0,4622
19,44	0,5138	-0,4625
19,46	0,5141	-0,4625
19,48	0,5144	-0,4622
19,50	0,5141	-0,4625
19,52	0,5144	-0,4622
19,54	0,5144	-0,4628
19,56	0,5138	-0,4625
19,58	0,5141	-0,4619
19,60	0,5141	-0,4628
19,62	0,5144	-0,4619
19,64	0,5134	-0,4622
19,66	0,5141	-0,4619
19,68	0,5144	-0,4622
19,70	0,5141	-0,4619
19,72	0,5138	-0,4622
19,74	0,5138	-0,4622
19,76	0,5144	-0,4628
19,78	0,5131	-0,4625
19,80	0,5141	-0,4625
19,82	0,5141	-0,4619
19,84	0,5144	-0,4628
19,86	0,5138	-0,4622
19,88	0,5147	-0,4632
19,90	0,5138	-0,4622
19,92	0,5141	-0,4625
19,94	0,5141	-0,4619
19,96	0,5138	-0,4619
19,98	0,5144	-0,4622
20,00	0,5131	-0,4625
20,02	0,5141	-0,4619
20,04	0,5141	-0,4625
20,06	0,5144	-0,4628
20,08	0,5144	-0,4632
20,10	0,5150	-0,4628
20,12	0,5144	-0,4625
20,14	0,5141	-0,4619
20,16	0,5144	-0,4622
20,18	0,5141	-0,4628
20,20	0,5134	-0,4625
20,22	0,5141	-0,4625
20,24	0,5138	-0,4622
20,26	0,5141	-0,4625
20,28	0,5141	-0,4619
20,30	0,5141	-0,4619
20,32	0,5144	-0,4619
20,34	0,5141	-0,4619
20,36	0,5138	-0,4625
20,38	0,5141	-0,4625
20,40	0,5138	-0,4622
20,42	0,5144	-0,4622
20,44	0,5141	-0,4625
20,46	0,5134	-0,4625
